-9959
8467
-3666
-3500
9169
5724
1478
-642
-3038
-5536
-4295
-1855
-6719
6827
-39
-9509
-7005
1942
-5173
-4564
2391
4604
-6098
-9847
-9708
2382
7421
8716
9718
9895
-4553
-8274
4771
1538
-8131
9912
-4333
-3701
7035
-106
-1297
-6189
1322
333
7673
-5336
5141
-2289
-1747
-3132
-4453
-2356
2662
2757
-9963
2859
-1277
-259
-2471
-9222
2316
-6965
-7810
-8158
-9712
106
-960
-1058
9264
-7352
-2554
-6195
5890
-3271
-5630
5350
5006
1101
-5607
-6452
9629
2623
-5916
9954
8756
1840
-5034
-2624
3931
-3692
6944
2439
-5374
1323
-4463
-8462
6118
-7918
-7071
6541
-5167
1115
-5361
-342
-7296
-70
3977
-7694
1673
-7614
-4979
-1255
-3076
9072
-3730
-4171
-3223
5573
-4903
6512
-6014
3290
-839
8636
-7645
-5233
-6345
5574
-5969
2052
-2650
-8850
6941
-8276
3966
-6570
1107
191
8007
1337
5457
2287
-2247
383
4945
-1091
2209
-242
-5779
8588
-3578
-5054
-2494
3030
6413
-832
-9100
2591
8762
-8345
7410
-3641
-2376
-9463
-8452
-3517
-2405
-5959
-6398
-5650
291
836
-626
1020
-5404
-5979
-2652
-6801
9668
-5516
-1719
-5266
-9947
-8001
-3582
-2062
-3100
-6212
8127
-9533
-6272
4893
-5352
-7517
7807
-7579
4310
-3383
-7187
-486
4309
-2384
8935
7451
-9400
-4751
6519
1556
-7202
303
-3776
1008
-4156
2609
4989
2702
-6805
-9515
-6907
4343
523
-8413
-686
-497
-2552
-4800
3458
-3382
-9420
9796
4798
5281
9589
-9202
-1991
-2843
-9528
-6378
8538
2292
-3962
-5821
8190
-343
-2042
-3809
9815
-7112
9156
1511
6202
-7366
-5728
-9945
-9672
-7354
-3638
-5114
8875
-1567
-131
-9858
-6156
-8584
-8119
1998
322
8651
21
-4301
-6443
-1524
-2108
-5611
-4925
712
-7400
-7490
-8997
-3131
7861
4688
3401
-211
5255
6423
-4998
585
-5818
285
-2912
1426
-1383
-6243
-168
932
-5831
-7846
-4279
7189
9976
1329
-7632
-1308
-8575
555
-6566
6549
-2559
-488
145
8060
-8282
-6247
6139
2423
6279
-4004
6687
2529
-7451
7437
9866
2949
-9807
-6805
-6703
-9584
-1714
6105
-5512
6282
2455
-4266
8114
1701
1316
-9329
-4214
2263
-5687
-5645
1185
-9947
-9088
808
-8168
-9055
-5687
-2244
-1679
9558
-6354
-2018
-9519
-5856
-6804
-9778
-2871
-7839
-4465
-9550
1173
466
2044
-8341
-3708
-3561
7253
-9976
-3846
-490
-5255
-9351
3186
-1687
-5526
-1978
-7832
4018
8787
-95
7958
-2609
202
-6375
-3523
-5586
-686
-4176
-666
-4126
-5628
-9841
1833
-1930
-2513
-1703
-2482
-1823
7773
2270
-8237
-7332
7192
3985
-6898
-1520
-787
-2373
-5198
-5901
527
-7375
-8457
-8076
1023
-28
3061
4181
1003
-2568
7505
-2407
-7275
3031
-1508
-9858
7222
1286
3064
-2100
9187
-1640
-7587
974
4270
-830
-9765
833
9711
-4240
8896
-5333
-2715
2550
-9860
3694
-7305
-8376
-1981
-7875
-3424
-8306
-7342
-3698
7371
-7534
-5322
-7407
-6149
-4516
-8982
-1536
-8881
-6848
-7200
8087
1060
-8074
-990
-5243
2170
-9685
-424
227
2043
-7242
-2836
-4891
-2118
7086
-435
-6513
-423
4474
-7375
-4373
-4371
1928
-4577
-1480
-3098
4962
-9877
-5404
-6263
3261
195
2525
-8736
-1740
-3798
-1884
-4970
-9674
-989
771
-3589
-4453
-8847
-8480
-210
4924
188
-8237
-5060
-9149
8662
3829
900
7713
8958
7578
-1635
3007
1477
-8800
-3942
-3561
-7697
2760
9357
-7676
-3523
-4892
-8887
4887
9801
-7150
4460
-7572
2993
-2616
9405
-3460
1111
-1296
2835
2356
-3928
-650
8823
4485
-9444
-6784
-8374
-643
-1474
3357
-663
-6729
-6131
-639
2896
3022
-383
112
2717
8696
1585
-5959
-5577
-5871
-5771
-5435
-3441
-1068
-7704
-145
2053
6962
-6416
-266
-3346
6972
-8543
4369
-7468
-7037
-7393
-7517
-9089
1635
67
-7152
-5325
2938
-7777
-7858
-6246
-3489
-7259
-9825
-8541
7825
-6779
7870
-8374
1934
5205
1783
-6150
7398
-7721
-7299
2193
2734
-8363
-3466
-4444
-8007
176
-4295
-3038
548
5881
-9700
4413
6641
9855
-5145
3142
1462
-2389
877
-9576
2678
-8248
8443
-1704
2673
40
-687
-9125
-9928
2818
-9390
-8983
4932
-1888
695
3169
-6169
-9960
-3512
-1315
9090
9497
-7411
-4010
5145
9353
9314
8651
-3260
-7956
1258
-9665
-1241
1192
-2395
-4736
2181
-1497
-6171
-6225
-9392
-708
-4003
7549
-444
-4439
1627
-3533
-459
-3871
1240
-2187
-826
-9399
-3923
-9785
-1317
-1787
-6008
-4176
-4399
-6608
5759
-7330
-3572
-1973
-5916
75
8786
5498
-5030
-3713
-6153
2604
-9497
-8779
-7337
-4294
-7637
-990
-7829
-2511
8240
2164
-4458
-2381
-9087
-2409
-3296
1818
-768
-9250
-4795
-5025
-8461
-9697
1422
-8902
1247
3584
3648
-7029
7864
-7087
1075
-8455
-1288
7546
8678
-8231
5262
-1481
3985
-1711
5944
-7135
8540
-6755
-4492
-1682
-2130
-399
-1677
-8868
-5528
-2848
-4913
-1430
-237
-99
7103
4423
-6473
1600
-3031
4015
-4435
-9972
-8457
-4653
-7912
-7057
2637
-7591
-3537
-4951
-5319
-8412
1342
-9392
2060
-8779
-8242
-46
-9112
4146
-9310
-2051
2843
-8570
-4380
-9252
-2933
-5464
-9217
8035
2226
5185
-2962
-147
-4371
1224
5748
9923
-6641
2257
-5234
-5056
4955
-6682
2726
-4589
-8975
-9645
1001
-7451
-504
8584
-485
7964
-6658
-1925
7913
6142
1196
-8052
-4928
-9574
4606
-3827
-5571
2404
-3295
-9374
-188
9375
93
6565
6036
4736
-859
814
-4006
-1744
-3348
-6064
838
-9518
-8645
-8985
-8869
8230
7841
4625
-7989
2637
-5814
9690
-8350
-4338
-8366
893
353
-8584
3452
4008
-2738
-7767
-4546
6303
6634
-3697
4256
-9852
1124
2317
-5787
-2891
-5972
-800
-8920
-8682
6858
-5950
-5845
1361
5264
1903
-6324
-357
-3091
4902
-6439
-1511
-5052
-8718
3653
674
-7780
-4598
-3077
-6169
9369
-6122
-9741
9008
-7381
-6029
3
-8055
-219
-3496
2392
2685
-4687
-3302
-4411
2722
-4062
9037
-3590
1461
-3766
2508
-39
-6041
-3507
-8485
-4731
-5063
-1131
-9942
4700
3971
-3736
5117
6215
-5445
-2185
8330
-6961
212
-712
-1918
-8046
6085
-9290
-5516
-5226
-1620
-185
-4049
-3459
8115
-8321
7110
-4102
-6927
-9212
-6023
8132
-44
-1311
-3887
8
2941
5790
-8277
-8637
-9972
-4816
-5222
-2800
-4929
-8115
-8026
-8929
1333
-7133
-3847
4295
2168
-9175
-324
5629
-1350
-7402
-6691
-5307
-5314
80
116
2249
